time_div:100
thread_num:4
in_dyn_size:10
in_fixed_size:136
out_file:word.rnn.model
rnn_type:gru
beta1:0.9 
lr:.1 
beta2:0.999
validation_cycle:10
epoch:100001
is_cont_training:false 
bias_init_val:.1
node_size:81
cas_file:data/toy.memeformat
stop_count:50
gamma:1
crs_val_file:data/toy.memeformat
train_strategy:adam
sleep_sec:1.
no_of_minibatch_values:256
init_scale:1.
time_dist:const
hidden_size:10
Iter = 1, error = 4.125061234677, time = 2.014s
Iter = 2, error = 4.116082917834098, time = 1.004s
Iter = 3, error = 4.519827166378304, time = 1.005s
Iter = 4, error = 5.120324530730535, time = 1.01s
Iter = 5, error = 5.204324054205448, time = 1.012s
Iter = 6, error = 4.762659597822704, time = 1.011s
Iter = 7, error = 4.636011981303753, time = 1.011s
Iter = 8, error = 4.237564665603616, time = 1.004s
Iter = 9, error = 3.6406478014908923, time = 1.017s
Iter = 10, error = 3.6831433383348555, time = 1.004s
The likelihood in Validation: 3.876935645919098
The MRR of node prediction in Validation: 0.0
Iter = 11, error = 3.7422245328273256, time = 1.03s
Iter = 12, error = 3.831531319556066, time = 1.005s
Iter = 13, error = 3.0920458491365777, time = 1.012s
Iter = 14, error = 2.982723698612585, time = 1.007s
